trdmn	mkt_rf	smb	hml	umd	rmw	cma	rf	smb_equal	hml_equal	umd_equal	rmw_equal	cma_equal
1994-02	-0.005733448	-0.00979825	-0.030990519	-0.026590251	0.0096924566	0.0048795538	0.008719	-0.027549453	-0.046225405	-0.036616959	0.0427227805	0.0053676741
1994-03	-0.140417362	0.1011218906	0.0445735689	0.1881391873	-0.15574424	-0.070236096	0.008719	0.1009953872	0.0621829457	0.1367931461	-0.104735895	-0.03121357
1994-04	-0.168803863	0.0528664209	0.0374895121	0.0083276498	0.0116578088	-0.009700877	0.008719	0.0494970947	0.0323197487	-0.022157113	-0.005095	0.0162540851
1994-05	-0.050044268	0.0033944821	-0.007816317	-0.016820707	0.0545802258	-0.036817085	0.008719	0.0221255641	0.0146680578	0.0333559842	0.0234531577	-0.028613077
1994-06	-0.1576434	-0.013240454	0.0164682341	0.0263821754	0.0261935851	0.0188870606	0.008719	-0.009669261	0.0219911751	0.0442008029	0.0149113073	0.0202822004
1994-07	-0.245339974	-0.118368638	0.1057715457	-0.1164324	0.0858730237	-0.064570423	0.008719	-0.109548621	0.0955717946	-0.05829226	0.0758162661	-0.079092921
1994-08	1.126362308	0.3742695952	-0.404816759	0.4866916154	-0.338384926	0.5241013468	0.008719	0.3186502248	-0.299477275	0.2762475927	-0.395808743	0.6088785368
1994-09	0.0507596402	0.1734066461	0.1473678465	-0.006934712	0.0074901222	0.0342198546	0.008719	0.1572463032	0.1240171083	-0.068124552	-0.008037205	0.0796297699
1994-10	-0.209376151	0.0388917038	-0.002298847	0.0098859044	-0.014199637	0.0336856517	0.008719	0.0282517408	0.0039894648	0.0209442408	-0.018063147	0.0276380345
1994-11	0.0285504837	0.0192041273	-0.032660917	0.0926601325	-0.023717651	0.0216823422	0.008719	0.0231455647	-0.030053208	0.0893216715	-0.027545777	0.0269549824
1994-12	-0.065554535	0.0105483957	-0.00326143	-0.009143983	-0.009972573	0.0014175419	0.008719	0.0113296163	-0.011792083	0.0022633207	-0.009918481	0.0143751205
1995-01	-0.131828842	-0.034582942	0.0155784438	-0.055745451	0.0357976008	-0.046825744	0.008719	-0.027373629	0.0148399843	-0.050222057	0.0256890017	-0.054137066
1995-02	-0.025635046	-0.000629284	0.0280252552	-0.034131923	0.0099340365	0.0184775742	0.008719	-0.003357482	0.0266822524	-0.029873485	0.0098060846	0.0015631575
1995-03	0.1218537372	0.0340731054	-0.058546876	0.1138973589	-0.029490442	0.0432332853	0.008719	0.0351454792	-0.045478008	0.0914395247	-0.025905456	0.0581985129
1995-04	-0.117091474	0.0145023299	0.0086709862	-0.005170196	-0.007906047	-0.009751469	0.008719	0.0198948921	0.0056832622	0.0063302933	-0.00887713	-0.014123317
1995-05	0.1512702597	0.0907392852	-0.11196654	0.1577417533	-0.070631934	0.10232602	0.008719	0.0900420287	-0.089902761	0.1290466736	-0.060210442	0.0984614842
1995-06	-0.090082862	-0.026686026	0.0289609262	-0.060316699	0.017053778	-0.009398571	0.008719	-0.029395194	0.0101718181	-0.056041874	0.0145575327	-0.010022238
1995-07	0.0596539117	-0.005305571	0.0364829426	-0.025338225	0.074198778	0.032370575	0.008719	-0.010380819	0.0331813644	-0.021276471	0.0666529646	0.0083649006
1995-08	0.0486764081	-0.036938979	0.1377206481	-0.101164629	0.0132216431	0.0323542258	0.008719	-0.036950525	0.1292027189	-0.101263883	0.0028945029	-0.005898435
1995-09	-0.010066321	-0.012009478	0.0779728918	0.051042513	0.0297754558	0.0524582619	0.008719	-0.014998943	0.0755620159	0.0190133714	-0.00212674	0.0187267926
1995-10	0.0058000181	0.0050886468	0.0562474393	0.0421456743	0.027609804	0.0392839432	0.008719	0.0008722428	0.0429987881	0.0277644292	0.0149172715	0.0125138896
1995-11	-0.087035426	0.0096345921	-0.081959597	-0.090105366	-0.046621061	-0.030134657	0.008719	0.0163991339	-0.061808318	-0.079363369	-0.023393335	0.0014126587
1995-12	-0.119050503	-0.009106588	0.0141735991	-0.015879965	-0.030284532	-0.006840184	0.008719	-0.007294	0.0197114958	-0.006628851	-0.035256256	0.0013364359
1996-01	-0.044621569	0.003543677	0.0841393709	0.0637763089	0.0297079117	0.0353234043	0.008719	0.0010176659	0.0725756705	0.050669658	0.0113178487	0.0069321652
1996-02	0.0208925224	-0.012137724	-0.029700349	-0.019326434	0.0129173633	-0.010123057	0.008719	-0.010119992	-0.034883112	-0.020719719	0.0191432015	-0.008320568
1996-03	-0.006803541	0.0030497352	0.0027564754	0.0295736607	0.0255563637	0.0104864072	0.008719	0.001922433	-0.003666857	0.0181880663	0.0125901437	0.0014245893
1996-04	0.3056085713	0.0356663593	0.0678834568	-0.066153312	-0.161650401	0.0032921131	0.008719	0.023315016	0.0801651239	-0.02444024	-0.15081731	0.0429302827
1996-05	-0.040935333	-0.09128146	0.0557031693	0.0698449396	0.0105271497	0.0361779457	0.007346	-0.072709374	0.045070271	0.0454354414	-0.017009842	-0.00238258
1996-06	0.2086000046	-0.126517865	0.073689645	0.1106875921	0.1362945708	0.1187395682	0.007346	-0.092072	0.0641324518	0.113193429	-0.013176516	0.0682425038
1996-07	0.1842708192	0.0362873645	0.2542074642	0.1581433845	-0.019863377	0.0115681801	0.007346	-0.002478326	0.3016709409	0.1980859141	-0.006303088	0.0401018751
1996-08	0.0030084989	-0.075924043	0.0287148589	0.0662062143	0.0332070789	-0.033903496	0.006022	-0.055217345	0.0345422809	0.0412354097	0.0671179054	-0.044671776
1996-09	0.0447543569	0.0006624084	0.0223442364	0.0038591571	-0.097250524	0.0126690888	0.006022	0.0071074385	0.0462364711	0.0137039317	-0.039416621	-0.015192441
1996-10	0.2747645533	0.142345569	0.3271774628	0.0211106447	-0.226292749	0.1638373589	0.006022	0.1103574877	0.3425571971	0.0842087198	-0.231600745	0.2001981642
1996-11	0.0863466013	0.0429573589	0.072552833	0.0268450611	0.0021760368	0.0079336649	0.006022	0.0331246538	0.0721938539	0.0582215245	-0.01034311	0.0241376959
1996-12	-0.212681795	-0.085783511	-0.113539003	-0.080229114	0.1392899548	-0.063749964	0.006022	-0.065494843	-0.115551402	-0.1178673	0.1165204824	-0.070090155
1997-01	0.0936382656	0.0382469358	0.0582406943	0.0536973802	-0.038735823	0.0056513053	0.006022	0.0265644748	0.0550412382	0.0571008915	-0.026369888	0.0109471435
1997-02	0.067342704	0.0334619104	-0.031456414	-0.09928252	-0.042968626	0.016140267	0.006022	0.0291478458	-0.036391388	-0.107208849	-0.068919584	0.0396490181
1997-03	0.1917561054	0.0240606482	-0.037928596	0.0026266987	0.0575187833	-0.094089343	0.006022	0.035705996	-0.054750833	-0.025021003	0.0132873928	-0.074100731
1997-04	0.110803336	-0.079280859	-0.045854307	0.0423124985	0.1147774245	-0.151464359	0.006022	-0.041657988	-0.054651096	0.014254056	0.0606847437	-0.111127223
1997-05	-0.086131224	-0.049294883	0.0383428546	0.0577648319	0.0944836206	-0.045349786	0.006022	-0.022313891	0.0340179432	0.0319555801	0.0449648539	-0.011157854
1997-06	0.0088604802	-0.023474548	0.0097757733	0.1113090706	0.0555166307	-0.075720861	0.006022	-0.003440769	0.0057616026	0.0845062233	0.0269905511	-0.031960129
1997-07	-0.089252549	0.0494519112	0.0374560721	-0.081689424	-0.032424004	-0.002304067	0.006022	0.0383026609	0.0228357635	-0.072735616	-0.028429465	0.0186921422
1997-08	-0.002554936	0.019627271	0.1007923654	-0.142124539	-0.1055561	0.0735812001	0.006022	0.0059772709	0.0864647401	-0.112681324	-0.080908777	0.0455516819
1997-09	-0.133943243	0.0368453422	-0.031352418	-0.016723171	0.0155923358	-0.00520216	0.006022	0.0543657529	-0.026483015	-0.039888786	-0.020527737	0.0448396796
1997-10	0.1203442913	-0.044937582	-0.039035017	0.0255469386	0.0352289025	-0.002125443	0.004606	-0.036469227	-0.038197764	0.001693341	0.0264761066	-0.023197839
1997-11	-0.054623749	0.0331376258	-0.020126349	0.0287690601	0.0213344758	-0.011683101	0.004606	0.0395855326	-0.010859119	0.0277589874	0.0053034905	0.0104656628
1997-12	0.0423981463	0.0422196831	-0.048750629	0.0619643049	0.047480708	-0.066518227	0.004606	0.0454423534	-0.049265748	0.0294936749	0.0255522502	-0.011047428
1998-01	0.0257201146	0.0331669765	-0.002646086	0.0196613302	0.0080394665	-0.003508435	0.004606	0.0241229877	-0.005637028	0.0119641573	-0.001159471	0.0107819325
1998-02	-0.020782519	0.0238973998	0.0443830392	-0.076734829	-0.079609089	0.0382362831	0.004606	0.0184578423	0.044978814	-0.047492885	-0.061272082	0.0175733049
1998-03	0.0262446759	0.0490677925	0.0096517546	0.0095065748	-0.032576502	0.0582226105	0.004249	0.0573042059	0.0166244015	0.0253593175	-0.053196314	0.0805342087
1998-04	0.0850515375	0.0624388472	-0.002843374	0.0031953323	-0.005767427	0.0162087133	0.004249	0.044657589	0.0106735471	0.0202159963	0.013366785	0.0160387596
1998-05	0.0632190297	0.0731779158	0.0363588782	-0.027410073	-0.085004902	0.0486511745	0.004249	0.0483869931	0.0373268216	-0.038600015	-0.071000613	0.0395937236
1998-06	-0.078245298	0.0106988696	-0.029595524	0.0516402528	0.0127645812	0.0043739916	0.004249	0.0027040162	-0.034406876	0.0329225503	0.0504899571	-0.011536728
1998-07	-0.01294068	0.0305174571	0.0221853961	0.0098655225	-0.019118299	0.0258768986	0.003891	0.0335438003	0.0134364567	0.0123473871	-0.033241413	0.0488145954
1998-08	-0.12962574	0.0267399978	-0.008487404	0.0777007111	-0.030909847	0.0150289173	0.003891	0.0269650307	-0.000325395	0.0736531822	-0.032033954	0.0328582339
1998-09	0.0728366451	0.0880143672	0.0057437495	-0.005210828	-0.054584435	0.0436292074	0.003891	0.0842537015	-0.00898617	-0.021911369	-0.037458091	0.0252065789
1998-10	-0.014168281	0.0472121025	-0.04512125	0.0343177287	-0.00711954	-0.005544161	0.003891	0.0426383937	-0.046063185	0.0189049105	-0.003007143	-0.014132071
1998-11	0.0124967527	-0.017620339	-0.026495592	-0.031749191	0.0342273328	-0.022684427	0.003891	-0.017963214	-0.015628857	-0.028755107	0.0236329502	-0.012745754
1998-12	-0.090813317	-0.027001964	-0.004753416	-0.033285118	0.0299572868	-0.015985185	0.003097	-0.026103291	0.0001614612	-0.04010935	0.0289825308	-0.020838897
1999-01	-0.007500713	0.01493358	0.0077615004	0.0124514819	-0.01335711	-0.012439156	0.003097	0.0106202697	0.008258778	0.0213769089	-0.011972223	-0.004729268
1999-02	-0.044761525	0.0094676506	-0.002702581	0.0207479847	0.0076620309	0.0005819883	0.003097	0.013673734	0.0001763106	0.0228960054	0.0065132376	0.0038072481
1999-03	0.0648053838	0.067325296	0.0593755799	-0.010724352	-0.091756304	0.0702815797	0.003097	0.0658046544	0.0522773597	-0.026191716	-0.094460856	0.0748234739
1999-04	-0.040707831	-0.007288607	0.0303737932	-0.004299354	-0.007140463	-0.000475103	0.003097	-0.012243068	0.0295180066	-0.005837926	-0.005780992	-0.010386589
1999-05	0.1031355445	-0.023705048	-0.061986244	0.0248057464	0.0206389383	-0.03883157	0.003097	-0.014674698	-0.048446557	0.0423719543	0.0124157644	-0.055394304
1999-06	0.3627292113	-0.096532573	-0.007712719	0.0507982662	0.0134509104	0.0252899239	0.001856	-0.075538131	0.0026321474	0.0265655773	0.0291187358	0.0300420259
1999-07	-0.068912034	0.0313360644	0.0021887353	-0.006535932	-0.010880247	0.0304265317	0.001856	0.0329571498	-0.000872922	-0.022419704	-0.023508624	0.0392309451
1999-08	0.006499223	0.0716475502	0.0421125438	-0.05323931	-0.059977676	0.0676770777	0.001856	0.0620290889	0.037570169	-0.041733695	-0.057879922	0.0582366281
1999-09	-0.031113805	0.0052926739	-0.015493928	-0.020392605	0.0025946736	-0.011613772	0.001856	0.0062546467	-0.01618417	-0.02709106	0.0039574686	-0.011281711
1999-10	-0.052886962	0.0271707395	-0.005727154	-0.0224468	-0.014483217	0.0063059136	0.001856	0.0235240721	-0.007368374	-0.016848919	-0.009488077	0.0074520517
1999-11	-0.044541732	0.033371138	0.0043138337	-0.024825699	-0.021876094	0.0123575458	0.001856	0.0317886324	0.0031180052	-0.025987673	-0.023065407	0.0096774935
1999-12	-0.048543674	-0.017469353	-0.050474704	0.0359488775	0.0379459341	-0.031364328	0.001856	-0.012286987	-0.039251233	0.0347736414	0.0344962502	-0.016113726
2000-01	0.170362874	-0.03341066	-0.087563337	0.2129672138	0.0197058997	-0.034713648	0.001856	-0.035366569	-0.067505069	0.1822452618	0.0361501343	-0.040682664
2000-02	0.1262946603	0.0301501033	-0.00041817	0.0222555556	-0.017309538	0.0411642315	0.001856	0.0303360456	-0.0032475	0.0110385414	-0.029535269	0.0182555407
2000-03	0.0521725074	0.0861944087	0.03761925	-0.113611081	-0.073698703	0.0511091501	0.001856	0.0839493831	0.0236858316	-0.128430055	-0.077955356	0.0912553289
2000-04	0.0108438874	-0.006829104	-0.000645082	-0.044750498	-0.008343064	-0.010504067	0.001856	-0.002416879	0.0076518593	-0.040083249	0.0027276348	-0.006585163
2000-05	0.0254020036	0.0178782771	0.0258265983	-0.008286892	-0.020856063	0.0036956044	0.001856	0.0155214704	0.0248906809	0.0007178152	-0.015893562	-0.00562273
2000-06	0.0221409577	-0.021282413	0.0254404719	-0.062484936	0.0179040538	0.0030799989	0.001856	-0.028597151	0.0161830987	-0.055360831	0.0292179262	-0.011694724
2000-07	0.0433162248	0.0357694578	0.0263619971	-0.013161342	-0.019981798	0.0465815629	0.001856	0.0360077034	0.0290487251	-0.035703285	-0.038531725	0.0571318773
2000-08	-0.006947659	0.0476042598	-0.004633101	0.0035733701	-0.036540382	0.0145644155	0.001856	0.0451673757	-0.007708545	-0.011431148	-0.052779892	0.0367858144
2000-09	-0.049616604	0.026235123	-0.037813045	0.0414979104	-0.014278387	0.0146665795	0.001856	0.0254033427	-0.038047711	0.0411861589	-0.022108464	0.026826563
2000-10	0.0200083248	0.0355753716	0.0323988605	-0.025399159	-0.020490099	0.0207558219	0.001856	0.0341077452	0.0297537756	-0.029587689	-0.017826451	0.0195000618
2000-11	0.0544505176	0.0082765391	0.009167382	-0.021408597	0.0076913596	0.0063159276	0.001856	0.0088865037	0.0142254578	-0.025305479	0.0055835586	0.0061504537
2000-12	-0.00547003	0.0068798323	0.007345375	-0.011673761	0.0183619051	-0.007473686	0.001856	0.0076210011	0.0044915666	-0.023547019	0.0207712001	-0.010415936
2001-01	-0.011372325	-0.006089436	0.041194383	-0.000564049	0.005139801	0.0028639367	0.001856	-0.011565739	0.038192693	-0.008684663	0.0082958386	-0.004010557
2001-02	-0.061454889	-0.014036415	0.0322932242	0.0256219811	0.027719238	-0.007469713	0.001856	-0.016120262	0.0335881247	0.0243243128	0.0351271869	-0.016730753
2001-03	0.0735459118	0.0340059709	0.0098473139	-0.010059865	-0.021273051	0.002187976	0.001856	0.0327389601	0.0071774677	0.0004369962	-0.023610291	0.0111551346
2001-04	-0.008835657	0.0303915892	-0.034351861	0.0020438766	-0.023722792	0.0172049909	0.001856	0.0305801313	-0.031626437	0.0019567714	-0.03363202	0.0230037034
2001-05	0.0307242816	0.0641373918	-0.004393979	0.0246791471	-0.036777401	0.0230971225	0.001856	0.0626913898	-0.005395116	0.0232540065	-0.044068029	0.0292020355
2001-06	-0.002168058	0.0083918014	0.020561934	-0.014108797	-0.004975497	0.0108985497	0.001856	0.0015654945	0.0120361715	-0.019845363	0.0036049084	0.0023858201
2001-07	-0.133306911	-0.003183685	-0.008800424	0.030438598	0.0053813265	0.002542149	0.001856	-0.001819613	-0.00689416	0.0158362579	-0.002413351	0.0058809039
2001-08	-0.036158841	0.0158418355	-0.00274247	0.0250959594	0.003755397	0.0040531201	0.001856	0.019565005	-0.006651206	0.0167381584	-0.006478867	0.0133458899
2001-09	-0.057503179	-0.024708766	0.0210092906	-0.027664129	0.0107856502	-0.007374523	0.001856	-0.029693634	0.0079355782	-0.034656453	0.0268888577	-0.028153825
2001-10	-0.051907186	-0.008843763	0.0280754742	-0.012145445	-0.013834816	0.0188900006	0.001856	-0.00231569	0.027786051	-0.008145689	-0.010513759	0.0155304095
2001-11	0.0382426648	0.0256302965	0.0072761887	-0.052119347	-0.014494227	0.0083635222	0.001856	0.0191065056	0.0068616529	-0.054158494	-0.014103188	0.0095917141
2001-12	-0.064428451	-0.020278538	0.0141006181	0.0227542921	0.0575287799	-0.033098395	0.001856	-0.014615631	0.0137585146	0.0106261224	0.0495532553	-0.038129995
2002-01	-0.109302284	-0.034324203	-0.000325934	0.0455513481	0.0459921028	-0.032308919	0.001856	-0.026277099	0.0043295532	0.0521641549	0.047833061	-0.03319041
2002-02	0.0273642323	0.0140592118	0.0025737172	-0.051227233	-0.021414954	0.0149664759	0.001635	0.0085290233	-0.009532195	-0.059525776	-0.027458821	0.0241953112
2002-03	0.0653863987	0.0259643665	-0.002572513	-0.045959805	-0.025936901	0.0199332091	0.001635	0.0204588931	-0.003040404	-0.048529752	-0.020971654	0.0155436517
2002-04	0.0393307574	0.0337415598	0.0295607567	-0.021658664	-0.029138352	0.031792808	0.001635	0.0323704113	0.0272449732	-0.020421299	-0.029097483	0.0267072758
2002-05	-0.085001818	0.0008652406	-0.013841976	0.0037021223	-0.012548416	0.0049932762	0.001635	0.0029328532	-0.010007097	0.000947267	-0.014214734	0.008680178
2002-06	0.1244827775	-0.034022027	0.0500251385	-0.018760095	0.0103294309	0.0159524933	0.001635	-0.031096135	0.0472786202	-0.022250528	0.0155024658	-0.00058063
2002-07	-0.042629433	0.0109317913	-0.00859298	-0.002138055	0.0047160135	-0.011606981	0.001635	0.0091247858	-0.007417599	-0.001178684	0.0025815343	-0.008658172
2002-08	0.0037973493	0.0069296363	-0.001441883	0.0004631783	0.0097114023	1.7038826E-6	0.001635	0.0088376728	-0.002918596	-0.003627217	0.0110581342	-0.003328548
2002-09	-0.057087772	-0.006807488	-0.007135529	0.0258284885	0.0224090526	-0.019098472	0.001635	-0.003030916	-0.005076409	0.0253596538	0.0196454213	-0.015540577
2002-10	-0.051335801	-0.013650158	-0.002369261	0.0092677347	0.0042914526	-0.00483634	0.001635	-0.01168955	-0.001909973	0.0082748998	0.0043015761	0.000190746
2002-11	-0.065027445	-0.030180295	-0.001738882	0.0286316462	0.0288426667	-0.029552008	0.001635	-0.020941908	0.0031019212	0.033273715	0.0270804583	-0.016865139
2002-12	-0.048839635	0.0029240463	-0.017561896	0.0170932759	0.0240887917	-0.011522745	0.001635	0.0073796514	-0.018040184	0.0053705323	0.0108671531	0.0023776671
2003-01	0.0894348267	0.0190156823	0.0217108156	-0.049018916	-0.034324239	0.0268572944	0.001635	0.0163492055	0.0117116211	-0.055815408	-0.027144239	0.0213657651
2003-02	0.0100755796	0.0089966584	0.0013499358	-0.000891087	-0.003064765	0.0041228054	0.001635	0.0074925266	0.0017521221	-0.002408846	-0.00241426	0.0000372862
2003-03	-0.01780629	-0.016393764	0.0179300217	0.0434001332	0.025847329	-0.015140686	0.001635	-0.011236859	0.018137494	0.0362334052	0.0188966662	-0.009176536
2003-04	-0.018864144	-0.037772364	0.0469768336	0.0841033404	0.0541861447	-0.036451646	0.001635	-0.035210297	0.0429939493	0.0789388984	0.0649193416	-0.032221232
2003-05	0.0456896062	-0.01296294	0.0050280631	-0.009985885	-0.007797623	0.0041858235	0.001635	-0.01138893	0.0070450206	-0.008808468	-0.006697553	-0.00165186
2003-06	-0.067247673	-0.003739009	-0.002951338	0.0116311692	0.0085616718	-0.008222468	0.001635	0.0026331342	-0.005187594	-0.000254993	0.0017824667	0.0003449798
2003-07	-0.011990128	-0.042718141	0.0012705647	0.0467990505	0.0351960238	-0.022711315	0.001635	-0.030994292	0.0031686172	0.0412047979	0.0251319187	-0.014916596
2003-08	-0.0325589	0.0111279113	-0.013532025	-0.034597728	-0.013896146	0.0005475635	0.001635	0.0134324234	-0.013251383	-0.036019609	-0.008276523	0.0035349886
2003-09	-0.043935752	-0.00760454	0.0065759943	0.0065705236	0.0021515357	-0.003572415	0.001635	-0.006359823	0.0112269291	0.0072097774	-0.000746511	-0.002953212
2003-10	-0.040743265	-0.053397419	0.0382376537	0.0833924984	0.0783464828	-0.044112137	0.001635	-0.042684902	0.0419838761	0.082311863	0.0651310353	-0.035374366
2003-11	0.0222800084	-0.009765915	0.0373531854	-0.022123689	0.0127791026	0.0064613167	0.001635	-0.015306544	0.0278767389	-0.023510591	0.0207104983	-0.013043284
2003-12	0.0210349624	-0.055053317	0.0455070954	0.1054751181	0.0795722051	-0.046440263	0.001635	-0.041256337	0.0382857237	0.1053542088	0.0633883103	-0.039819061
2004-01	0.073668487	0.0197520159	0.0051157207	-0.072073701	-0.025277163	0.0164639648	0.001635	0.0110647033	-0.008621571	-0.071381128	-0.017842791	-0.000465756
2004-02	0.0732101406	0.0302933339	-0.000118839	-0.072400581	-0.046760608	0.0262875812	0.001635	0.0200082529	-0.010476789	-0.068724752	-0.028565053	0.0236821656
2004-03	0.0348946724	0.0183499672	0.0160393474	-0.009576651	0.0034109903	-0.012465248	0.001635	0.0161249656	0.0175827122	-0.015088467	-0.00389382	-0.010118397
2004-04	-0.103841058	0.0161505345	0.0335648577	0.0578601829	0.0201259144	0.0079842137	0.001635	0.0043514853	0.0253089284	0.0275089053	0.0285157113	-0.014576942
2004-05	-0.024177378	0.0198742795	0.0117734666	0.0105541222	-0.010319918	-0.005270416	0.001635	0.0185934145	0.0054389439	-0.006155798	-0.014030752	-0.001022414
2004-06	-0.11781212	-0.018215398	0.003232322	0.0249877859	0.046115878	-0.017466145	0.001635	-0.008494237	0.0079078374	0.0145746412	0.0383086104	-0.018196274
2004-07	-0.002368139	-0.047252008	0.0072771622	0.0395702348	0.0361057998	-0.018719509	0.001635	-0.048711739	0.0079852453	0.0521487073	0.0445261896	-0.008333624
2004-08	-0.046081492	-0.00069957	0.0232327347	0.0118538625	0.0220145738	-0.005348009	0.001635	0.0084256014	0.0235477167	-0.006843167	0.0088384186	-0.005604728
2004-09	0.0554700093	-0.021607261	-0.001861831	0.0282005018	0.0399746094	-0.042232689	0.001635	-0.019844558	-0.002689533	0.0246072332	0.0328377067	-0.027779144
2004-10	-0.055285995	-0.035751565	-0.006068184	0.0701727026	0.0422749818	-0.027231347	0.001856	-0.03636181	-0.000406289	0.075269727	0.0509217529	-0.038442808
2004-11	0.0224490019	0.0408475687	-0.003169636	-0.076970194	-0.051170427	0.0116678517	0.001856	0.0345977764	-0.008820545	-0.080682088	-0.053090651	0.0164348881
2004-12	-0.070649653	-0.021369973	0.0047914163	0.0532919083	0.0389792939	-0.027507977	0.001856	-0.008975856	0.0018355105	0.0400006241	0.0238877622	-0.019895974
2005-01	-0.059441081	-0.011125123	-0.003726174	0.0084430562	0.0273805845	-0.013009866	0.001856	0.0047047686	-0.008144525	-0.004183801	0.0046196336	0.004033128
2005-02	0.0933924644	0.0127534711	0.0090821491	-0.038231484	-0.014275869	-0.0126543	0.001856	-0.000164035	0.001088931	-0.02342206	-0.003886498	-0.006398272
2005-03	-0.107158416	-0.025123379	0.0011052898	0.0853218344	0.0565471709	-0.030502335	0.001856	-0.009249288	-0.000694027	0.0507881566	0.0371872852	-0.017991021
2005-04	-0.038247142	-0.049412492	0.0260977019	0.0856961391	0.0763535092	-0.021764929	0.001856	-0.040696613	0.0151012357	0.0995770744	0.0592964886	-0.011180801
2005-05	-0.071624266	0.0392941845	-0.01408165	-0.112093678	-0.067923664	0.0372511922	0.001856	0.0274580884	-0.001811616	-0.093554068	-0.048699811	0.0214234261
2005-06	0.0075579253	-0.017135799	0.0002412181	0.0452856003	0.0386074042	-0.000028072	0.001856	-0.001383004	0.008099467	0.0311677748	0.0212503313	-0.01821133
2005-07	-0.021646262	-0.083741227	-0.001992934	0.1006618867	0.0851333294	-0.04821639	0.001856	-0.051807897	-0.006738038	0.0783940881	0.0530324638	-0.038373565
2005-08	0.0882562707	0.111117962	-0.01303992	-0.153224248	-0.107959832	0.0500420504	0.001856	0.0829156033	-0.012381801	-0.140376371	-0.075453492	0.0599136182
2005-09	0.0050552113	0.0223926037	-0.017468322	-0.007208358	0.0055373495	-0.011279694	0.001856	0.0098545138	-0.031516797	0.0123028994	0.00660119	-0.007735381
2005-10	-0.055490089	-0.01576034	-0.010681784	0.0420181791	0.0193865019	-0.016556986	0.001856	-0.014005675	-0.008719914	0.0356012892	0.0217696668	-0.019265044
2005-11	-0.005967713	0.0358941513	0.0134862046	-0.049206108	-0.029390565	0.0110302955	0.001856	0.0337570775	0.012133145	-0.050056402	-0.025315386	0.0120431796
2005-12	0.0503335108	-0.055845229	0.014249437	0.0372163039	0.0415382287	-0.040634145	0.001856	-0.048065774	0.0073764328	0.0335101482	0.0432953525	-0.034687153
2006-01	0.0940595847	-0.0243118	0.0178908319	0.0154633656	0.0037454172	-0.032303802	0.001856	-0.046886327	0.0140087699	0.0290599257	0.027999866	-0.038618691
2006-02	0.0277670259	0.0012171182	0.0155287411	-0.0277723	0.0049136392	-0.007315155	0.001856	0.0178635235	0.0233841409	-0.061932677	-0.021466513	0.0211669106
2006-03	0.0188829988	-0.020187539	-0.00388034	0.0912237112	0.0306311712	-0.036058363	0.001856	-0.027383045	-0.002227045	0.0786098627	0.0542932375	-0.031087622
2006-04	0.1115974128	-0.047617275	-0.001760774	0.0895202368	0.004622147	-0.011066904	0.001856	-0.063776155	0.0260079777	0.1185254694	0.0493244589	-0.053114444
2006-05	0.2097504722	0.0815078571	0.0269359665	-0.090705414	-0.109739947	0.0511700672	0.001856	0.0635098947	0.0186990087	-0.122071267	-0.085898844	0.0582604406
2006-06	0.0431995801	0.0317616534	0.011504104	-0.033875357	-0.022344153	0.0444926849	0.001856	0.0210965266	0.0259961823	-0.045164773	-0.020747108	0.0412691196
2006-07	-0.056830078	0.0581279119	-0.002919451	-0.005287413	-0.031236023	0.0249424896	0.001856	0.0519931782	0.0020244696	-0.019599649	-0.033717657	0.0406405721
2006-08	0.0301472678	-0.007378182	-0.006413585	0.0174095056	-0.000655349	-0.007985091	0.002076	-0.011822103	-0.008335311	0.0197749481	0.0004169002	-0.001011563
2006-09	0.0397635113	0.0252912197	-0.019467385	-0.006896949	-0.02243544	0.014628167	0.002076	0.0252777308	-0.026399119	-0.020222258	-0.036050064	0.0218705082
2006-10	0.0125989454	-0.019977484	0.0129205115	-0.022386601	0.0465544896	-0.016397836	0.002076	-0.007614943	0.0140091184	-0.00429958	0.0314154012	-0.019172512
2006-11	0.1083885873	-0.116265669	-0.010197309	0.0542113422	0.1170879253	-0.080120959	0.002076	-0.070670771	-0.00581884	0.0626430842	0.0761401218	-0.044050865
2006-12	0.1152845356	-0.094675107	0.0108950506	0.0771734148	0.0838690793	-0.029946315	0.002076	-0.049289208	0.0022707548	0.0660194781	0.0528656928	-0.022369193
2007-01	0.2078347378	0.0576085668	-0.002530154	-0.063349234	-0.072868822	0.0290775089	0.002076	0.0160980107	0.0043523693	-0.029718652	-0.028806286	0.0381388312
2007-02	0.1271769678	0.0965436498	0.0775305677	-0.10443317	-0.127440939	0.1045536134	0.002076	0.0617329554	0.0732721336	-0.09088276	-0.105968552	0.0585470723
2007-03	0.1242808001	0.1086852741	0.0301735217	-0.056306451	-0.080182665	0.0337438169	0.002296	0.0984422345	0.0177944359	-0.06654249	-0.083688588	0.0694577231
2007-04	0.3152750492	0.0523070077	0.1011198561	0.1025061489	-0.114691981	0.0454554437	0.002296	0.0326349186	0.120551891	0.0512424474	-0.083210659	0.0509618937
2007-05	0.1096969017	-0.029421254	-0.000713137	0.0056781862	0.0330115401	-0.037220128	0.002515	0.0073393248	-0.020477794	-0.00317377	-0.008794321	0.0190915446
2007-06	-0.109027754	-0.112613611	-0.076029196	-0.006454284	0.1793372564	-0.070659186	0.002515	-0.077066564	-0.060877995	0.0121796865	0.1474567622	-0.073309094
2007-07	0.1979019947	0.0808560953	0.0373494023	-0.022269906	-0.047078943	0.0216149709	0.002734	0.0758929409	0.0476167677	-0.081258696	-0.044232722	0.0174092439
2007-08	0.1357233232	-0.02384085	0.0087351066	0.0074633725	0.0225430113	-0.012233032	0.002952	-0.000777415	0.0046788121	-0.033973354	-0.010470998	0.0146868102
2007-09	0.0500789748	-0.011810581	0.0424992681	0.0287168135	0.0450857919	-0.008743658	0.003169	-0.003781655	0.0187569617	0.0167176969	0.0265307662	-0.00985526
2007-10	-0.05288482	-0.070804133	-0.061431588	0.0780207838	0.1225015359	-0.088574418	0.003169	-0.02863602	-0.027530426	0.0417572904	0.07079068	-0.039831268
2007-11	-0.142210281	0.0981200617	0.0359590464	-0.128893269	-0.098577123	0.0746919864	0.003169	0.0769475611	0.0045326561	-0.126284165	-0.078896569	0.044631283
2007-12	0.1812264561	0.0236257596	0.0063871368	-0.024781847	-0.03520177	0.0362614529	0.003386	-0.000548854	-0.011129282	-0.00150944	-0.004374434	0.0099127406
2008-01	-0.093652304	0.038260902	0.0032324393	-0.022530087	-0.026229934	0.0180329878	0.003386	0.0115953581	-7.059594E-6	-0.037369908	-0.01114089	0.0041604747
2008-02	0.0451149955	0.0779691871	0.0445461898	-0.039158839	-0.045526733	0.0478722061	0.003386	0.0559230082	0.0453396948	-0.02217393	-0.043204904	0.0226275216
2008-03	-0.200782249	0.0210251906	-0.015730529	-0.01616481	-0.000109626	-0.016289373	0.003386	0.0293506078	0.0032524487	-0.0348268	-0.010846379	0.0117991215
2008-04	-0.02236899	-0.065463351	0.0060797385	0.0308031655	0.0510043293	-0.029963639	0.003386	-0.051805913	-0.002258743	0.0492334501	0.0496628465	-0.024997548
2008-05	-0.058909795	0.0388628275	0.0201268057	-0.017635891	-0.012865156	0.0129662327	0.003386	0.0300972344	0.0096184689	-0.034416509	-0.02639161	0.0131790265
2008-06	-0.241360243	-0.015407199	-0.037614112	0.0175058149	0.0157319289	-0.024085642	0.003386	-0.005702442	-0.023000368	0.0089987207	0.0143318275	-0.009821594
2008-07	0.0445270415	0.081672915	0.0059618632	-0.041937738	-0.040004457	0.0423874857	0.003386	0.0565939209	0.0127112968	-0.040940424	-0.031233319	0.0249495942
2008-08	-0.218656255	-0.013545579	0.0172846297	-0.025151401	0.0190656986	-0.020659367	0.003386	0.005250987	0.0292090162	-0.025336918	-0.007783936	0.0081665115
2008-09	-0.04249161	-0.071234985	0.0468800604	-0.035291825	0.0206128029	-0.016799817	0.003386	-0.041907581	0.0247671467	-0.032496817	0.0184862881	-0.024612005
2008-10	-0.274331802	0.022323224	0.013091874	0.0210702387	-0.014357089	0.0516841197	0.002952	0.0223581203	0.0152346098	0.0074485097	-0.01601253	0.0408101935
2008-11	0.1652415005	0.0445677741	0.0002924231	-0.038410102	-0.020089	-0.024083235	0.002076	0.0313436202	-0.001483342	-0.066469216	-0.022719394	-0.009764602
2008-12	0.005643732	0.0723598903	-0.058976029	0.0004035304	-0.04630574	0.0131162923	0.001856	0.0408311026	-0.074723611	-0.025503936	0.0002359261	-0.000294801
2009-01	0.1302196534	0.0270512321	0.0048489631	-0.142251022	-0.031878909	-0.023953556	0.001856	-0.010132592	0.0001304308	-0.076194937	0.0090790637	-0.028182711
2009-02	0.0610956435	0.0282544007	0.0179551733	-0.045256221	-0.045194532	0.0416736046	0.001856	0.0097571423	0.0229725111	-0.07642151	-0.027414137	0.0278669827
2009-03	0.1876350029	0.0521752102	-0.01639017	-0.073736514	-0.046037004	-0.021712243	0.001856	0.0318092319	-0.020955454	-0.079007644	-0.013535067	-0.013031959
2009-04	0.0598062113	0.0143313316	-0.00168263	-0.005136637	-0.006533371	0.003821445	0.001856	0.0231126023	0.0119567676	0.0011042639	-0.008348655	-0.002153226
2009-05	0.0496918965	0.0379876902	-0.001856606	-0.02235742	-0.017630036	-0.008201492	0.001856	0.0275551601	0.0007515025	-0.032912626	-0.027141884	0.0116616126
2009-06	0.0826148856	-0.024387387	-0.008056188	-0.014335983	0.0523200346	-0.020594129	0.001856	0.0096999969	-0.002523428	-0.012310495	-0.003311791	0.0121894363
2009-07	0.1695557932	-0.035672218	0.0841220069	-0.077293851	-0.037002281	-0.003267556	0.001856	-0.019839045	0.0474855049	-0.052045575	0.0146626495	-0.018347019
2009-08	-0.1915674	0.0391721974	-0.061528436	-0.073585712	-0.004455246	0.0186969825	0.001856	0.0215129859	-0.041488434	-0.039845823	0.000733797	0.0125626461
2009-09	0.0390827905	-0.011296614	-0.018893032	0.0187158316	0.0410175491	-0.028955772	0.001856	-0.003859576	-0.011857785	-0.002802537	0.0195218205	-0.01437065
2009-10	0.1003463664	0.0273088473	0.0161575295	0.0664403448	-0.025170553	0.0337137524	0.001856	0.0105402668	0.0129963145	0.0264022887	-0.009967683	0.0090618111
2009-11	0.109303432	0.0482075983	-0.00422387	-0.002719784	-0.013528538	0.0497175589	0.001856	0.0194327424	0.0094817834	-0.038818795	-0.005316054	0.0136396078
2009-12	0.0244651226	0.0179988004	0.0329256243	-0.053840869	-0.016075287	0.0121263121	0.001856	0.0305545357	-0.000409439	-0.028254436	-0.004842967	0.0063068282
2010-01	-0.077343947	0.0625244486	-0.041583916	-0.061167426	-0.022382807	0.0384898189	0.001856	0.0222237773	-0.020697649	-0.031278243	-0.014980088	0.0186530683
2010-02	0.0374506686	0.0378406428	0.0078285246	0.0307341702	-0.034195913	0.0343934035	0.001856	0.0212498176	0.0106341513	0.005928936	-0.025815016	0.0215692831
2010-03	0.0137733781	0.0336236981	-0.00008108	-0.003885948	-0.006848022	0.0174005052	0.001856	0.0321342909	0.0026055999	-0.009805459	-0.014110631	0.0187909527
2010-04	-0.079242228	0.0075800525	-0.042527322	0.0552671196	0.0118181137	0.0067159515	0.001856	-0.005938564	-0.039715198	0.0077874403	0.0299567379	0.0038776505
2010-05	-0.089008375	0.0045033619	-0.051872486	0.0626246928	0.0346916318	-0.006598256	0.001856	0.0023744374	-0.03857198	0.0564901295	0.0166539374	-0.011250766
2010-06	-0.092482431	-0.00966492	-0.006916041	-0.028648327	-0.000801863	-0.008038988	0.001856	0.002770901	-0.004522017	-0.018705555	0.0062454681	0.0033282019
2010-07	0.1446077925	0.0233761619	0.006378089	-0.032952017	-0.01232123	0.0067182585	0.001856	0.020446992	0.0203249552	-0.04915276	-0.005941703	0.0008172293
2010-08	0.0556399333	0.0460268114	-0.063053853	0.096158031	-0.023594629	0.0059611122	0.001856	0.022588811	-0.038916467	0.0573360041	-0.013067061	0.020513632
2010-09	0.0244597883	-0.015748535	-0.030750995	0.0404764128	-0.011032855	-0.010626714	0.001856	-0.012321148	-0.019441096	0.014490881	-0.012734504	0.0009611035
2010-10	0.1179633421	-0.042331074	0.0058130507	-0.067602167	0.0081703612	-0.029759988	0.00206	-0.030849774	0.0182514195	-0.037527228	0.0123555068	-0.027911237
2010-11	-0.038308076	0.0578057144	-0.045466279	0.0743920746	0.0106354297	-0.002604339	0.00206	0.0344038095	-0.026637233	0.0552160785	-0.002476258	0.0219004038
2010-12	-0.010764059	-0.002863433	0.0160279058	-0.025086828	0.0199883354	-0.025712978	0.002263	0.0110230762	0.0026883048	-0.005074601	0.007047854	-0.022160218
2011-01	-0.02517675	-0.018447767	0.0587806023	-0.095757383	-0.004612106	0.0054524875	0.002263	-0.00085382	0.0439133932	-0.057927994	-0.015511425	0.0127918243
2011-02	0.061241848	0.0421796642	-0.025165007	0.0405270132	-0.055585906	0.0373559803	0.002466	0.0131468199	0.0021427047	0.0160321328	-0.034250331	0.0151736097
2011-03	-0.005183613	0.0158190151	0.0282370999	-0.036005864	0.0034385197	0.0054997493	0.002466	0.0186916257	0.0225297096	-0.054020593	-0.031174678	0.0195200572
2011-04	-0.022110401	-0.006839815	0.0120575793	-0.046508922	0.0150385564	-0.005785707	0.002669	-0.001270291	0.0176668881	-0.027717955	-0.011109891	0.0124312849
2011-05	-0.069783922	-0.001137142	-0.007252937	0.0019173497	0.019331593	-0.016770533	0.002669	0.0097930441	0.0010694358	-0.007902782	0.0095714117	-0.008978489
2011-06	0.0299617622	0.0085205067	-0.011958365	0.0548068871	-0.008481688	-0.00303029	0.002669	0.0153331781	-0.006521373	0.0386801456	-0.011886773	-0.001739881
2011-07	-0.008060802	0.0178526814	-0.054568716	0.0126334766	-0.011927757	-0.006454051	0.002871	0.0143475941	-0.047171666	0.0040825004	-0.009284135	-0.000124113
2011-08	-0.053823415	0.0214391006	-0.029097022	0.0037938289	0.0055027891	-0.027826832	0.002871	0.0199353118	-0.01714151	-0.0195412	0.0032289186	-0.010009775
2011-09	-0.097644461	-0.016933399	0.0345193016	-0.027388176	0.0268174797	0.0109712455	0.002871	0.0033685553	0.0137479031	-0.034011071	-0.005359281	0.0166793578
2011-10	0.0283938219	0.0123081668	-0.003224801	-0.016555382	-0.007907811	0.0020695338	0.002871	0.0083912645	-0.004089754	-0.013377329	0.004743996	-0.006799408
2011-11	-0.053771351	0.0111566356	-0.03155729	-0.00200899	-0.003409939	0.0122410458	0.002871	0.0109093722	-0.029481768	-0.018946108	-0.011389382	0.011354538
2011-12	-0.095582621	-0.06743251	0.0537925681	0.0725200371	0.1079175338	-0.057593273	0.002871	-0.023946012	0.0280363788	-0.01360412	0.0640137962	-0.049623567
2012-01	0.0254678332	-0.0420808	0.0339874615	-0.035901609	0.0193519381	0.0083971429	0.002871	-0.027610578	0.022993743	-0.044609666	0.005200396	0.0179176366
2012-02	0.079006107	0.0440888905	-0.03609041	-0.073905948	-0.047899862	0.0029460996	0.002871	0.0178972728	-0.016431364	-0.044048442	-0.016829925	-0.00568899
2012-03	-0.076928712	0.0069143768	-0.003884377	0.0432009711	0.0138442257	0.005424028	0.002871	0.0089068079	-0.000935918	0.0341234309	0.0044353296	0.0058562796
2012-04	0.0585579647	-0.003126322	0.0171933831	-0.049216312	-0.014187331	-0.015690903	0.002871	-0.017506827	0.0392791829	-0.051834253	0.0075578586	0.0072274659
2012-05	0.0024905793	0.0151999667	-0.033243722	-0.00728572	-0.010986274	-0.017781313	0.002871	0.0111484126	-0.018042789	0.0153185691	0.0056107726	-0.011837923
2012-06	-0.065070074	0.0074812572	-0.021777662	0.0560370046	0.0251577523	-0.017747608	0.002669	0.0191873783	-0.024937598	0.038606694	-0.0006134	0.0114696317
2012-07	-0.062558694	-0.039273939	0.0056224636	0.0581539936	0.0411063002	-0.030996343	0.002466	-0.019001681	0.0047436873	0.0355782903	0.0245009293	-0.014810551
2012-08	-0.02820052	0.0722331451	-0.008169829	-0.034684966	-0.052603818	0.0432163816	0.002466	0.0467441407	-0.023953051	-0.031730273	-0.056714972	0.0245037547
2012-09	0.0274529383	-0.031904909	-0.013118663	-0.00876994	0.0353539547	-0.037842211	0.002466	-0.013318072	-0.004896277	-0.019154138	0.0219423253	-0.008143069
2012-10	-0.010725021	0.0199910711	0.0097741505	0.0056020863	-0.009806085	0.0057658773	0.002466	0.0084520229	0.0095590515	-0.008278048	-0.012591781	0.0159100847
2012-11	-0.076469173	-0.029955861	0.0477207902	0.0516476595	0.0400566331	-0.005150247	0.002466	-0.008823221	0.0290644918	0.0049869853	0.0110048634	0.005099177
2012-12	0.1374411199	0.0191117595	-0.002828172	-0.042332291	-0.012539229	-0.007165123	0.002466	0.0023380621	-0.006878339	-0.013172166	0.0227374091	-0.017791965
2013-01	0.0366949073	0.0359683838	-0.011120356	-0.036805024	-0.049324948	0.0255524361	0.002466	0.0098919232	-0.017727394	-0.009179882	-0.030043454	0.0002061108
2013-02	0.0076384265	0.0318448996	-0.020447811	0.0260097002	-0.021156378	-0.000327869	0.002466	0.0173333825	-0.014629858	0.0127068554	-0.013590888	-0.006557916
2013-03	-0.044632032	0.0253300735	-0.024401939	0.0525400419	-0.014361637	0.014210437	0.002466	0.0183184212	-0.02436265	0.0407673135	-0.024965673	0.0150839083
2013-04	-0.033266141	-0.000146661	-0.005509673	0.009225132	-0.005750643	-0.013987112	0.002466	0.0004634744	-0.00537115	0.0212669435	0.0023248802	-0.002639949
2013-05	0.0846572322	0.0709712341	-0.033577206	0.0238178406	-0.061996394	0.0063795217	0.002466	0.0351742436	-0.033636106	0.0207327096	-0.034841907	-0.000773352
2013-06	-0.146490775	-0.001466954	-0.018944044	0.062645861	0.0273168435	-0.0165867	0.002466	0.0144197169	-0.010973314	0.0477782457	-0.006274486	0.0036949056
2013-07	0.0400898348	0.0383023308	0.0005703598	0.0557621412	-0.021584866	0.0223398821	0.002466	0.0347924237	-0.013633212	0.040991189	-0.034804592	0.0185892052
2013-08	0.0555202776	0.0331191338	0.0158394316	-0.061634914	-0.056199355	0.032394997	0.002466	-0.000362963	0.0374817809	-0.064853355	-0.021916204	0.0180673901
2013-09	0.0424762315	0.0098389659	0.0024133921	0.07830659	-0.026152587	0.0189692362	0.002466	0.0094555137	-0.000488302	0.0364461244	-0.013917364	0.0036829871
2013-10	-0.027870233	0.0092408373	0.0313992822	-0.065106225	0.0059234176	0.0094786558	0.002466	0.0115760999	0.0241976225	-0.04176072	-0.00586746	0.0111197396
2013-11	0.0500541575	0.0526421218	-0.011813303	0.0370370703	-0.03499457	0.0117346882	0.002466	0.055365534	-0.001513616	0.0396576635	-0.043668475	0.0089100846
2013-12	-0.042643007	0.0077647784	0.0126626521	0.0088281038	0.0130034277	-0.013015006	0.002466	0.0069104329	0.0184296381	0.0001584503	0.0122787383	-0.003265385
2014-01	-0.018297843	0.0711214766	-0.019440311	0.0988416425	-0.040878659	0.0053769593	0.002466	0.0579770758	-0.019606901	0.1356469627	-0.04586534	-0.001078679
2014-02	0.0147222649	0.0299282026	0.0143884511	-0.031911653	-0.024623221	0.0327746367	0.002466	0.0220055576	0.0121388578	-0.012560511	-0.034679819	0.026032676
2014-03	-0.027785107	-0.006177484	0.0288510689	-0.084195184	0.0035298228	0.0195487561	0.002466	-0.007829036	0.0278805046	-0.082099847	-0.000498483	0.01551583
2014-04	-0.014821632	0.0064094065	0.0041747895	-0.018788453	0.0121247245	-0.006467219	0.002466	0.0192220079	0.0041935109	0.0010379992	-0.000965793	0.0017679622
2014-05	0.0126381284	0.0231149091	-0.00163142	0.0143422585	-0.028403135	0.0106297266	0.002466	0.0237666511	-0.009451836	0.0210910733	-0.02857701	0.0072324004
2014-06	0.0258209613	0.0341363965	-0.003956083	0.0222081652	-0.022973952	0.0187094692	0.002466	0.0395221166	-0.007893132	0.0279091678	-0.034496395	0.0204991796
2014-07	0.0747492136	0.0021668219	0.0511754135	-0.064098445	-0.010120812	0.0238779783	0.002466	-0.005454288	0.0559401032	-0.064899281	0.0036314897	0.0134908132
2014-08	0.0278702108	0.0453014443	-0.021326827	0.0267408343	-0.045563135	0.0107767824	0.002466	0.035736479	-0.021466071	0.0156184091	-0.038333158	0.0112965322
2014-09	0.0896755201	0.0870629923	0.0001614219	0.0287239874	-0.092934706	0.0462389055	0.002466	0.0642771618	0.0155094667	0.01016594	-0.044987405	0.0381514708
2014-10	0.0125943479	0.0002280052	0.0153609688	-0.008545875	-0.003093555	0.0134589422	0.002466	-0.003213021	0.0186867039	-0.018406598	0.0098010423	0.0058291908
2014-11	0.0564191729	0.0032067751	0.0427201022	-0.025334662	-0.000353018	0.0107816049	0.002263	0.0083329464	0.0412722097	-0.013716294	-0.001283786	0.0148860524
2014-12	0.0933563542	-0.15978806	0.1566931954	-0.076911493	0.154153618	0.0061412241	0.002263	-0.09286439	0.1169244698	-0.076852372	0.0891525317	-0.007791379
2015-01	0.0394382514	0.0237192841	-0.070216404	-0.103226724	-0.019154881	-0.038052742	0.002263	0.017658531	-0.067224339	-0.056699652	-0.013153112	-0.021874263
2015-02	0.0503313941	0.027282062	-0.040352303	-0.026700859	-0.02665809	-0.016957697	0.002263	0.0149548861	-0.034989776	-0.014207164	-0.014262391	-0.00743193
2015-03	0.1714205861	0.0818721925	-0.02731947	0.0166974346	-0.073706491	0.002813453	0.00206	0.0419449199	-0.0171761	-0.004105819	-0.038207511	-0.004667894
2015-04	0.1993012918	0.0058311586	0.0634990889	0.09834308	-0.042156503	0.0931566944	0.00206	0.0248990545	0.0343771256	-0.011338982	-0.032857908	0.037336023
2015-05	0.1133762133	0.1676687948	-0.180020539	-0.046703673	-0.153493557	0.009991927	0.001856	0.1201781306	-0.134226323	-0.061010306	-0.115849601	0.0363373879
2015-06	-0.090455033	-0.030290144	0.1050885519	-0.122696502	0.032360066	0.0150882444	0.001652	-0.019783541	0.0864512907	-0.148989524	0.0293700598	0.0105081464
2015-07	-0.161059875	-0.055859131	-0.013134328	-0.057524615	0.0720768467	-0.009263359	0.001652	-0.028639946	-0.024172798	-0.034553508	0.0538782412	-0.032436315
2015-08	-0.142842101	0.0067272567	0.0219781936	-0.046296489	-0.023144261	0.0332335041	0.001447	0.0189704791	0.0254647461	-0.078700184	-0.012058953	0.0468105126
2015-09	-0.064157251	0.0336326191	-0.048890349	-0.059790481	0.0330005633	-0.038923315	0.001447	0.0286271419	-0.056020074	-0.065281597	0.0008676315	-0.032356515
2015-10	0.1611698547	0.0835542691	-0.058823381	-0.038534255	-0.094210931	-0.031127459	0.001241	0.048050755	-0.053181952	-0.053128766	-0.064242631	0.0042982649
2015-11	0.0276540037	0.1143189529	-0.028072171	-0.020045289	-0.04201293	-0.031125445	0.001241	0.0873475703	-0.031064273	-0.033338444	-0.052956316	-0.002967256
2015-12	0.0411482702	0.0636588029	-0.00516687	-0.052180596	-0.001204539	-0.008380116	0.001241	0.0659756376	-0.002014556	-0.056996928	-0.031444062	0.0254261343
2016-01	-0.265330572	-0.045798042	0.0354878422	-0.099118361	0.0797696419	0.0274229538	0.001241	-0.013480878	0.0225151618	-0.059812988	0.0267104344	-0.004733507
2016-02	-0.020956763	0.0025769345	0.0198712557	-0.024466418	-0.003154943	0.0129640112	0.001241	0.002798311	0.025101394	-0.0251152	-0.007790977	0.0187917708
2016-03	0.1440298915	0.0613693243	-0.030411145	-0.02797658	-0.043955352	-0.046284997	0.001241	0.0450821411	-0.025659326	-0.030759005	-0.026413302	-0.020655958
2016-04	-0.022229594	0.0287547308	0.0167331372	0.0083393263	0.0067766446	0.0088722752	0.001241	0.034715129	0.0141870759	0.0001664486	-0.012181222	0.0198942803
2016-05	-0.011200199	-0.02114426	-0.017453678	-0.003619284	0.0185666709	-0.016262383	0.001241	-0.013668524	-0.017995572	-0.0195987	0.0147942734	-0.023306319
2016-06	0.0291724855	0.0391646014	-0.030247984	0.0237508778	-0.0251605	-0.016546084	0.001241	0.0314660085	-0.032555318	0.0164643147	-0.020509501	-0.012968031
2016-07	0.0172521005	-0.022626385	0.0593862339	-0.039889582	0.0313507531	0.0068879042	0.001241	-0.009971284	0.0624104474	-0.063876686	0.0209694786	0.023628317
2016-08	0.0343995259	0.0324972235	0.0131256034	-0.025692392	-0.005561388	0.0039910467	0.001241	0.0284175938	0.0160119008	-0.011315128	-0.009168193	0.0085918706
2016-09	-0.020985872	0.0372033247	0.0134992807	-0.001174906	-0.002229223	-0.001477313	0.001241	0.0362083242	0.0177535529	-0.003710263	-0.013203936	0.0153442138
2016-10	0.0322539797	0.0185826167	0.0166349821	-0.005897624	-0.016839414	0.0139101559	0.001241	0.0196911942	0.0085929051	0.0100708139	-0.019383923	0.0161222684
2016-11	0.0373595078	0.0044840271	0.0352303945	-0.01432689	0.0060229149	0.0203577818	0.001241	0.0158406716	0.0196786185	-0.01267473	-0.009572957	0.0244177181
2016-12	-0.045313338	0.0276010332	0.0363943489	0.016513305	0.0107287952	0.0452985509	0.001241	0.0287642651	0.0399768305	0.0207191481	-0.012302134	0.0426350422
2017-01	0.0054495154	-0.033744096	0.0427013133	-0.006556216	0.0214853465	0.0428330201	0.001241	-0.020221655	0.038087035	0.0021103642	0.0018396014	0.0220131197
2017-02	0.0292915883	0.0117914245	0.0047288424	-0.004738741	-0.017285608	-0.015458886	0.001241	0.0054565574	0.0090924026	-0.002192672	-0.004992144	0.0055568496
2017-03	-0.005979603	-0.025102075	0.007525792	0.0428525047	0.0465066402	-0.031295213	0.001241	-0.012966474	0.0138715796	0.022016921	0.033100921	-0.020672647
2017-04	-0.024835695	-0.052273213	0.0344764482	0.0499772082	0.0684751714	-0.031412998	0.001241	-0.034130758	0.0336475158	0.0222746562	0.0515144545	-0.027556685
2017-05	-0.038098879	-0.050476385	0.0227341801	0.0569414905	0.0713341867	-0.004925724	0.001241	-0.017104855	0.0201440156	0.0096955759	0.0282308344	-0.009933745
2017-06	0.0480190243	-0.01961886	-0.003598515	0.0022006223	-0.00550182	-0.026593392	0.001241	-0.015008741	0.0088520868	0.0020472939	0.0086059229	0.000698946
2017-07	0.0180371645	-0.015180709	0.0591127172	0.0289206231	-0.021940063	0.0494713669	0.001241	-0.023435158	0.0597765133	0.0408180835	0.0086247938	0.0369418477
2017-08	0.0187414069	0.0044658081	-0.030609352	-0.042438907	-0.018568947	0.0033771711	0.001241	0.0059074071	-0.023398525	-0.035505455	-0.016721399	-0.002046166
2017-09	0.0157974152	-0.006118659	-0.027355017	-0.017787739	0.0058323784	-0.025777069	0.001241	-0.000921774	-0.022329474	-0.022199385	-0.000220812	-0.021314303
2017-10	0.0150952196	-0.053939469	-0.008555112	0.0680543882	0.0589230433	-0.058956891	0.001241	-0.015891556	-0.004554367	0.0286226387	0.0325429518	-0.024472687
2017-11	-0.033894135	-0.033803771	0.0418768631	0.0549728666	0.0485397515	0.0093403364	0.001241	-0.019204458	0.0360854461	0.0363914027	0.0184601666	0.0062317583
2017-12	0.0045779349	-0.030337168	-0.002499208	0.0460912472	0.0316931314	-0.0238843	0.001241	-0.009580441	0.0077370219	0.0296348665	0.0173788786	-0.009942661
2018-01	0.0213480604	-0.056536274	0.0594212774	0.069284681	0.0805666213	0.0036042215	0.001241	-0.022361585	0.043765252	0.0283181601	0.0394142962	-0.007002005
2018-02	-0.047131885	-0.014391589	-0.024974622	0.0176706929	-0.009325779	-0.031202069	0.001241	-0.018809453	-0.008759496	0.036740683	0.0158675314	-0.032119294
2018-03	-0.005757856	0.0404384713	-0.081139395	-0.105475776	-0.052793716	-0.036205471	0.001241	0.0239167126	-0.077672532	-0.087254135	-0.028712038	-0.016659325
2018-04	-0.036906423	-0.009033174	-0.005722915	0.037036377	0.0200083908	0.0206505107	0.001241	-0.000559256	-0.005346847	0.0261878089	0.0028282447	-0.000154921
2018-05	0.0121853278	-0.03433672	-0.006221698	0.0511272344	0.0700463442	-0.012837581	0.001241	0.0130715649	0.008379925	0.0021563343	0.044498702	0.002688178
2018-06	-0.082474049	-0.026519046	0.0076948455	0.0628100155	0.0493454876	0.0020558084	0.001241	-0.000398398	0.0162544173	0.0255889886	0.0234186614	-0.000394955
2018-07	0.0013850428	0.015864935	0.0407711311	-0.038377986	-0.008389003	0.033346652	0.001241	0.0156741311	0.0388753579	-0.050467378	-0.016704222	0.0266180601
2018-08	-0.065980367	-0.002796323	0.0281449617	0.0147462875	-0.004639195	0.0403522297	0.001241	0.001720137	0.0183388773	0.007569467	-0.010654784	0.0185326166
2018-09	0.0184914847	-0.026819805	0.0204441083	0.0140614051	0.0256913441	0.0460819331	0.001241	-0.003850545	0.0215619419	-0.020240186	-0.006268382	0.0160139697
2018-10	-0.111901111	0.0319643333	0.0361114548	-0.007270925	-0.015911063	0.0354649404	0.001241	0.0313450242	0.0109992539	-0.011353236	-0.004973913	0.0187600753
2018-11	0.0205966433	0.0459569006	-0.020447005	-0.085013435	-0.056831788	-0.027456134	0.001241	0.0207754042	0.0017160955	-0.067678851	-0.036158302	0.0158789296
2018-12	-0.039110135	-0.002477238	-0.005360119	0.03042197	0.0065199696	0.0162893034	0.001241	0.0105718944	-0.007866166	0.0092215384	0.0040425682	0.0074541163
2019-01	0.0219782446	-0.056833995	0.014695988	0.0329117725	0.0477335123	-0.025022812	0.001241	-0.025341887	0.0355384999	0.0164240937	0.0146612223	-0.007284877
2019-02	0.1615601652	0.0632554299	-0.032942828	-0.159046228	-0.101825353	-0.02399314	0.001241	0.0153458458	-0.025991834	-0.092396534	-0.05203982	-0.005049811
2019-03	0.0802824979	0.0315812167	-0.024053974	-0.00833176	-0.043753791	-0.022126695	0.001241	0.0064947134	-0.000511875	0.0023560801	-0.029253567	0.0071309457
2019-04	-0.017471089	-0.019323444	0.0067975454	0.048085422	0.0406548459	-0.007508229	0.001241	0.005535	0.0274336346	0.0069408398	0.0041766097	0.00858322
2019-05	-0.060888543	0.0121379746	-0.007806249	0.0379427808	-0.013801597	0.0289759761	0.001241	0.0233726626	-0.00978023	0.0028492727	-0.029128722	0.0305096376
2019-06	0.0260667049	-0.038049525	-0.029944308	0.0184491815	0.0401431111	-0.0159437	0.001241	-0.00641696	-0.012894407	-0.007206611	0.020088916	-0.003982309
2019-07	-0.00620248	-0.019754169	-0.019902143	0.0069522202	0.0107967677	-0.020272943	0.001241	-0.003098368	-0.019028196	-0.000342649	0.0208795899	-0.023937861
2019-08	0.0005433422	-0.02165066	-0.067374852	0.0587585117	0.019865203	-0.05512246	0.001241	-0.011414131	-0.040817688	0.0250939205	0.0036830752	-0.015236547
2019-09	0.0021506099	0.0168753689	-0.006488074	-0.016441227	0.0155213669	-0.009213102	0.001241	0.0127152152	-0.018847081	-0.005910775	0.0118474724	-0.022433758
2019-10	0.0031302241	-0.009900059	-0.017935966	0.0349802677	0.0093460554	-0.025378509	0.001241	-0.003288058	-0.004293163	0.0161371507	0.007000111	-0.01125548
2019-11	-0.014247594	-0.01093996	0.0098758967	-0.004721213	0.0109417037	0.003441782	0.001241	-0.006934146	0.0082216063	-0.007858043	0.0115710241	0.004538441
2019-12	0.0701259254	0.0131342412	0.0011385972	0.0141836035	-0.000456328	-0.015063821	0.001241	0.0100816282	-0.006447514	0.0054633651	-0.0015814	0.0012867098
2020-01	-0.003883442	0.0182326502	-0.042095573	0.0449383741	-0.014818973	-0.015843479	0.001241	-0.004167935	-0.036471119	0.0550353526	0.0037242468	-0.030821546
2020-02	0.0007200003	-0.000377851	-0.040612888	0.0689326965	-0.030951506	-0.016245251	0.001241	-0.01457227	-0.026822109	0.0576759058	-0.009793305	-0.02136457
2020-03	-0.056981123	0.0242534797	0.016157556	-0.03198739	0.013548191	0.0084291048	0.001241	0.0362768229	0.0290729467	-0.068713269	-0.010974898	0.0034955556
2020-04	0.0491913344	-0.037002541	-0.049544902	0.0917463313	0.0417836989	-0.060787669	0.001241	-0.025243285	-0.026860504	0.0756388031	0.0332351668	-0.03733354
2020-05	0.0095612869	0.013901954	-0.03166295	0.0291374089	0.0152782901	-0.033536297	0.001241	0.0030469782	-0.019594037	0.0111867643	0.0130169839	-0.018539189
2020-06	0.0849453261	-0.00631368	-0.083894551	0.1090280751	0.0223744449	-0.051513304	0.001241	-0.006240622	-0.051884049	0.0762468058	0.0197896631	-0.026376081
2020-07	0.1387663152	-0.001328687	0.0094116396	0.0416687202	0.0076160448	-0.003829644	0.001241	-0.002005571	0.0362705581	0.0005926998	0.0125599847	0.0038366154
2020-08	0.0242773996	0.0198845252	-0.001178284	-0.014340513	0.0129836109	-0.003559391	0.001241	0.0296518611	-0.005777761	-0.04652326	-0.011325443	0.0120205533
2020-09	-0.064320542	-0.004545814	0.0064845412	-0.014424936	0.0218036414	-0.011723581	0.001241	0.016043657	0.0046004404	-0.026738391	-0.00902272	0.0131636601
2020-10	0.0104762008	0.0024661846	-0.020415965	0.0164995802	0.0183923382	-0.021542885	0.001241	0.0259063282	-0.014097451	0.0128184739	0.0007716327	0.002913468
2020-11	0.0350249113	-0.023677065	0.070450381	-0.052041416	-0.021155532	0.0236175776	0.001241	-0.00771024	0.0608862492	-0.065019832	-0.001273653	0.0083186494
2020-12	0.0418053738	-0.086604276	-0.041173199	0.1672833365	0.0836542651	-0.116690059	0.001241	-0.047760039	0.0067346961	0.0729421488	0.0339661952	-0.020776656
2021-01	-0.000640425	-0.094696454	-0.03892491	0.088546928	0.0829783913	-0.072821276	0.001241	-0.049020446	-0.018336906	0.0518330951	0.0475661055	-0.033941421
2021-02	0.0001426217	0.0340273423	0.055267669	-0.060754018	-0.021662477	0.0489740481	0.001241	0.0235439012	0.0338268343	-0.033296959	-0.004364326	0.0214206772
2021-03	-0.004953423	0.0386501473	0.0169990246	-0.046187085	-0.035977959	0.0378115831	0.001241	0.0174268287	0.0092513797	-0.02284452	-0.019136382	0.0140347032
